		[48;2;84;40;0;38;2;172;216;2560m 17  [0m	[48;2;234;234;234;38;2;22;22;220m 13  [0m	[48;2;255;255;255;38;2;1;1;10m 15  [0m	[48;2;244;244;244;38;2;12;12;120m 14  [0m	[48;2;197;197;197;38;2;59;59;590m 9   [0m	[48;2;79;79;79;38;2;177;177;1770m 3   [0m	[48;2;208;208;208;38;2;48;48;480m 10  [0m	[48;2;36;36;36;38;2;220;220;2200m 1   [0m	[48;2;142;142;142;38;2;114;114;1140m 6   [0m	[48;2;117;117;117;38;2;139;139;1390m 5   [0m	[48;2;184;184;184;38;2;72;72;720m 8   [0m	[48;2;215;215;215;38;2;41;41;410m 11  [0m	[48;2;65;32;0;38;2;191;224;2560m 16  [0m	[48;2;225;225;225;38;2;31;31;310m 12  [0m	[48;2;104;104;104;38;2;152;152;1520m 4   [0m	[48;2;155;81;0;38;2;101;175;2560m 19  [0m	[48;2;52;52;52;38;2;204;204;2040m 2   [0m	[48;2;164;164;164;38;2;92;92;920m 7   [0m	[48;2;118;55;0;38;2;138;201;2560m 18  [0m	[48;2;196;104;6;38;2;60;152;2500m 20  [0m
[frame]
		[48;2;84;40;0;38;2;172;216;2560m 17  [0m	[48;2;234;234;234;38;2;22;22;220m 13  [0m	[48;2;255;255;255;38;2;1;1;10m 15  [0m	[48;2;244;244;244;38;2;12;12;120m 14  [0m	[48;2;197;197;197;38;2;59;59;590m 9   [0m	[48;2;79;79;79;38;2;177;177;1770m 3   [0m	[48;2;208;208;208;38;2;48;48;480m 10  [0m	[48;2;36;36;36;38;2;220;220;2200m 1   [0m	[48;2;142;142;142;38;2;114;114;1140m 6   [0m	[48;2;117;117;117;38;2;139;139;1390m 5   [0m	[48;2;184;184;184;38;2;72;72;720m 8   [0m	[48;2;215;215;215;38;2;41;41;410m 11  [0m	[48;2;65;32;0;38;2;191;224;2560m 16  [0m	[48;2;225;225;225;38;2;31;31;310m 12  [0m	[48;2;104;104;104;38;2;152;152;1520m 4   [0m	[48;2;164;164;164;38;2;92;92;920m 7   [0m	[48;2;52;52;52;38;2;204;204;2040m 2   [0m	[48;2;155;81;0;38;2;101;175;2560m 19  [0m	[48;2;118;55;0;38;2;138;201;2560m 18  [0m	[48;2;196;104;6;38;2;60;152;2500m 20  [0m
[frame]
		[48;2;52;52;52;38;2;204;204;2040m 2   [0m	[48;2;234;234;234;38;2;22;22;220m 13  [0m	[48;2;255;255;255;38;2;1;1;10m 15  [0m	[48;2;244;244;244;38;2;12;12;120m 14  [0m	[48;2;197;197;197;38;2;59;59;590m 9   [0m	[48;2;79;79;79;38;2;177;177;1770m 3   [0m	[48;2;208;208;208;38;2;48;48;480m 10  [0m	[48;2;36;36;36;38;2;220;220;2200m 1   [0m	[48;2;142;142;142;38;2;114;114;1140m 6   [0m	[48;2;117;117;117;38;2;139;139;1390m 5   [0m	[48;2;184;184;184;38;2;72;72;720m 8   [0m	[48;2;215;215;215;38;2;41;41;410m 11  [0m	[48;2;65;32;0;38;2;191;224;2560m 16  [0m	[48;2;225;225;225;38;2;31;31;310m 12  [0m	[48;2;104;104;104;38;2;152;152;1520m 4   [0m	[48;2;164;164;164;38;2;92;92;920m 7   [0m	[48;2;84;40;0;38;2;172;216;2560m 17  [0m	[48;2;155;81;0;38;2;101;175;2560m 19  [0m	[48;2;118;55;0;38;2;138;201;2560m 18  [0m	[48;2;196;104;6;38;2;60;152;2500m 20  [0m
[frame]
		[48;2;52;52;52;38;2;204;204;2040m 2   [0m	[48;2;36;36;36;38;2;220;220;2200m 1   [0m	[48;2;255;255;255;38;2;1;1;10m 15  [0m	[48;2;244;244;244;38;2;12;12;120m 14  [0m	[48;2;197;197;197;38;2;59;59;590m 9   [0m	[48;2;79;79;79;38;2;177;177;1770m 3   [0m	[48;2;208;208;208;38;2;48;48;480m 10  [0m	[48;2;234;234;234;38;2;22;22;220m 13  [0m	[48;2;142;142;142;38;2;114;114;1140m 6   [0m	[48;2;117;117;117;38;2;139;139;1390m 5   [0m	[48;2;184;184;184;38;2;72;72;720m 8   [0m	[48;2;215;215;215;38;2;41;41;410m 11  [0m	[48;2;65;32;0;38;2;191;224;2560m 16  [0m	[48;2;225;225;225;38;2;31;31;310m 12  [0m	[48;2;104;104;104;38;2;152;152;1520m 4   [0m	[48;2;164;164;164;38;2;92;92;920m 7   [0m	[48;2;84;40;0;38;2;172;216;2560m 17  [0m	[48;2;155;81;0;38;2;101;175;2560m 19  [0m	[48;2;118;55;0;38;2;138;201;2560m 18  [0m	[48;2;196;104;6;38;2;60;152;2500m 20  [0m
[frame]
		[48;2;36;36;36;38;2;220;220;2200m 1   [0m	[48;2;52;52;52;38;2;204;204;2040m 2   [0m	[48;2;255;255;255;38;2;1;1;10m 15  [0m	[48;2;244;244;244;38;2;12;12;120m 14  [0m	[48;2;197;197;197;38;2;59;59;590m 9   [0m	[48;2;79;79;79;38;2;177;177;1770m 3   [0m	[48;2;208;208;208;38;2;48;48;480m 10  [0m	[48;2;234;234;234;38;2;22;22;220m 13  [0m	[48;2;142;142;142;38;2;114;114;1140m 6   [0m	[48;2;117;117;117;38;2;139;139;1390m 5   [0m	[48;2;184;184;184;38;2;72;72;720m 8   [0m	[48;2;215;215;215;38;2;41;41;410m 11  [0m	[48;2;65;32;0;38;2;191;224;2560m 16  [0m	[48;2;225;225;225;38;2;31;31;310m 12  [0m	[48;2;104;104;104;38;2;152;152;1520m 4   [0m	[48;2;164;164;164;38;2;92;92;920m 7   [0m	[48;2;84;40;0;38;2;172;216;2560m 17  [0m	[48;2;155;81;0;38;2;101;175;2560m 19  [0m	[48;2;118;55;0;38;2;138;201;2560m 18  [0m	[48;2;196;104;6;38;2;60;152;2500m 20  [0m
[frame]
		[48;2;36;36;36;38;2;220;220;2200m 1   [0m	[48;2;52;52;52;38;2;204;204;2040m 2   [0m	[48;2;255;255;255;38;2;1;1;10m 15  [0m	[48;2;244;244;244;38;2;12;12;120m 14  [0m	[48;2;197;197;197;38;2;59;59;590m 9   [0m	[48;2;79;79;79;38;2;177;177;1770m 3   [0m	[48;2;208;208;208;38;2;48;48;480m 10  [0m	[48;2;234;234;234;38;2;22;22;220m 13  [0m	[48;2;142;142;142;38;2;114;114;1140m 6   [0m	[48;2;117;117;117;38;2;139;139;1390m 5   [0m	[48;2;184;184;184;38;2;72;72;720m 8   [0m	[48;2;215;215;215;38;2;41;41;410m 11  [0m	[48;2;164;164;164;38;2;92;92;920m 7   [0m	[48;2;225;225;225;38;2;31;31;310m 12  [0m	[48;2;104;104;104;38;2;152;152;1520m 4   [0m	[48;2;65;32;0;38;2;191;224;2560m 16  [0m	[48;2;84;40;0;38;2;172;216;2560m 17  [0m	[48;2;155;81;0;38;2;101;175;2560m 19  [0m	[48;2;118;55;0;38;2;138;201;2560m 18  [0m	[48;2;196;104;6;38;2;60;152;2500m 20  [0m
[frame]
		[48;2;36;36;36;38;2;220;220;2200m 1   [0m	[48;2;52;52;52;38;2;204;204;2040m 2   [0m	[48;2;104;104;104;38;2;152;152;1520m 4   [0m	[48;2;244;244;244;38;2;12;12;120m 14  [0m	[48;2;197;197;197;38;2;59;59;590m 9   [0m	[48;2;79;79;79;38;2;177;177;1770m 3   [0m	[48;2;208;208;208;38;2;48;48;480m 10  [0m	[48;2;234;234;234;38;2;22;22;220m 13  [0m	[48;2;142;142;142;38;2;114;114;1140m 6   [0m	[48;2;117;117;117;38;2;139;139;1390m 5   [0m	[48;2;184;184;184;38;2;72;72;720m 8   [0m	[48;2;215;215;215;38;2;41;41;410m 11  [0m	[48;2;164;164;164;38;2;92;92;920m 7   [0m	[48;2;225;225;225;38;2;31;31;310m 12  [0m	[48;2;255;255;255;38;2;1;1;10m 15  [0m	[48;2;65;32;0;38;2;191;224;2560m 16  [0m	[48;2;84;40;0;38;2;172;216;2560m 17  [0m	[48;2;155;81;0;38;2;101;175;2560m 19  [0m	[48;2;118;55;0;38;2;138;201;2560m 18  [0m	[48;2;196;104;6;38;2;60;152;2500m 20  [0m
[frame]
		[48;2;36;36;36;38;2;220;220;2200m 1   [0m	[48;2;52;52;52;38;2;204;204;2040m 2   [0m	[48;2;104;104;104;38;2;152;152;1520m 4   [0m	[48;2;79;79;79;38;2;177;177;1770m 3   [0m	[48;2;197;197;197;38;2;59;59;590m 9   [0m	[48;2;244;244;244;38;2;12;12;120m 14  [0m	[48;2;208;208;208;38;2;48;48;480m 10  [0m	[48;2;234;234;234;38;2;22;22;220m 13  [0m	[48;2;142;142;142;38;2;114;114;1140m 6   [0m	[48;2;117;117;117;38;2;139;139;1390m 5   [0m	[48;2;184;184;184;38;2;72;72;720m 8   [0m	[48;2;215;215;215;38;2;41;41;410m 11  [0m	[48;2;164;164;164;38;2;92;92;920m 7   [0m	[48;2;225;225;225;38;2;31;31;310m 12  [0m	[48;2;255;255;255;38;2;1;1;10m 15  [0m	[48;2;65;32;0;38;2;191;224;2560m 16  [0m	[48;2;84;40;0;38;2;172;216;2560m 17  [0m	[48;2;155;81;0;38;2;101;175;2560m 19  [0m	[48;2;118;55;0;38;2;138;201;2560m 18  [0m	[48;2;196;104;6;38;2;60;152;2500m 20  [0m
[frame]
		[48;2;36;36;36;38;2;220;220;2200m 1   [0m	[48;2;52;52;52;38;2;204;204;2040m 2   [0m	[48;2;79;79;79;38;2;177;177;1770m 3   [0m	[48;2;104;104;104;38;2;152;152;1520m 4   [0m	[48;2;197;197;197;38;2;59;59;590m 9   [0m	[48;2;244;244;244;38;2;12;12;120m 14  [0m	[48;2;208;208;208;38;2;48;48;480m 10  [0m	[48;2;234;234;234;38;2;22;22;220m 13  [0m	[48;2;142;142;142;38;2;114;114;1140m 6   [0m	[48;2;117;117;117;38;2;139;139;1390m 5   [0m	[48;2;184;184;184;38;2;72;72;720m 8   [0m	[48;2;215;215;215;38;2;41;41;410m 11  [0m	[48;2;164;164;164;38;2;92;92;920m 7   [0m	[48;2;225;225;225;38;2;31;31;310m 12  [0m	[48;2;255;255;255;38;2;1;1;10m 15  [0m	[48;2;65;32;0;38;2;191;224;2560m 16  [0m	[48;2;84;40;0;38;2;172;216;2560m 17  [0m	[48;2;155;81;0;38;2;101;175;2560m 19  [0m	[48;2;118;55;0;38;2;138;201;2560m 18  [0m	[48;2;196;104;6;38;2;60;152;2500m 20  [0m
[frame]
		[48;2;36;36;36;38;2;220;220;2200m 1   [0m	[48;2;52;52;52;38;2;204;204;2040m 2   [0m	[48;2;79;79;79;38;2;177;177;1770m 3   [0m	[48;2;104;104;104;38;2;152;152;1520m 4   [0m	[48;2;197;197;197;38;2;59;59;590m 9   [0m	[48;2;164;164;164;38;2;92;92;920m 7   [0m	[48;2;208;208;208;38;2;48;48;480m 10  [0m	[48;2;234;234;234;38;2;22;22;220m 13  [0m	[48;2;142;142;142;38;2;114;114;1140m 6   [0m	[48;2;117;117;117;38;2;139;139;1390m 5   [0m	[48;2;184;184;184;38;2;72;72;720m 8   [0m	[48;2;215;215;215;38;2;41;41;410m 11  [0m	[48;2;244;244;244;38;2;12;12;120m 14  [0m	[48;2;225;225;225;38;2;31;31;310m 12  [0m	[48;2;255;255;255;38;2;1;1;10m 15  [0m	[48;2;65;32;0;38;2;191;224;2560m 16  [0m	[48;2;84;40;0;38;2;172;216;2560m 17  [0m	[48;2;155;81;0;38;2;101;175;2560m 19  [0m	[48;2;118;55;0;38;2;138;201;2560m 18  [0m	[48;2;196;104;6;38;2;60;152;2500m 20  [0m
[frame]
		[48;2;36;36;36;38;2;220;220;2200m 1   [0m	[48;2;52;52;52;38;2;204;204;2040m 2   [0m	[48;2;79;79;79;38;2;177;177;1770m 3   [0m	[48;2;104;104;104;38;2;152;152;1520m 4   [0m	[48;2;197;197;197;38;2;59;59;590m 9   [0m	[48;2;164;164;164;38;2;92;92;920m 7   [0m	[48;2;184;184;184;38;2;72;72;720m 8   [0m	[48;2;234;234;234;38;2;22;22;220m 13  [0m	[48;2;142;142;142;38;2;114;114;1140m 6   [0m	[48;2;117;117;117;38;2;139;139;1390m 5   [0m	[48;2;208;208;208;38;2;48;48;480m 10  [0m	[48;2;215;215;215;38;2;41;41;410m 11  [0m	[48;2;244;244;244;38;2;12;12;120m 14  [0m	[48;2;225;225;225;38;2;31;31;310m 12  [0m	[48;2;255;255;255;38;2;1;1;10m 15  [0m	[48;2;65;32;0;38;2;191;224;2560m 16  [0m	[48;2;84;40;0;38;2;172;216;2560m 17  [0m	[48;2;155;81;0;38;2;101;175;2560m 19  [0m	[48;2;118;55;0;38;2;138;201;2560m 18  [0m	[48;2;196;104;6;38;2;60;152;2500m 20  [0m
[frame]
		[48;2;36;36;36;38;2;220;220;2200m 1   [0m	[48;2;52;52;52;38;2;204;204;2040m 2   [0m	[48;2;79;79;79;38;2;177;177;1770m 3   [0m	[48;2;104;104;104;38;2;152;152;1520m 4   [0m	[48;2;197;197;197;38;2;59;59;590m 9   [0m	[48;2;164;164;164;38;2;92;92;920m 7   [0m	[48;2;184;184;184;38;2;72;72;720m 8   [0m	[48;2;117;117;117;38;2;139;139;1390m 5   [0m	[48;2;142;142;142;38;2;114;114;1140m 6   [0m	[48;2;234;234;234;38;2;22;22;220m 13  [0m	[48;2;208;208;208;38;2;48;48;480m 10  [0m	[48;2;215;215;215;38;2;41;41;410m 11  [0m	[48;2;244;244;244;38;2;12;12;120m 14  [0m	[48;2;225;225;225;38;2;31;31;310m 12  [0m	[48;2;255;255;255;38;2;1;1;10m 15  [0m	[48;2;65;32;0;38;2;191;224;2560m 16  [0m	[48;2;84;40;0;38;2;172;216;2560m 17  [0m	[48;2;155;81;0;38;2;101;175;2560m 19  [0m	[48;2;118;55;0;38;2;138;201;2560m 18  [0m	[48;2;196;104;6;38;2;60;152;2500m 20  [0m
[frame]
		[48;2;36;36;36;38;2;220;220;2200m 1   [0m	[48;2;52;52;52;38;2;204;204;2040m 2   [0m	[48;2;79;79;79;38;2;177;177;1770m 3   [0m	[48;2;104;104;104;38;2;152;152;1520m 4   [0m	[48;2;142;142;142;38;2;114;114;1140m 6   [0m	[48;2;164;164;164;38;2;92;92;920m 7   [0m	[48;2;184;184;184;38;2;72;72;720m 8   [0m	[48;2;117;117;117;38;2;139;139;1390m 5   [0m	[48;2;197;197;197;38;2;59;59;590m 9   [0m	[48;2;234;234;234;38;2;22;22;220m 13  [0m	[48;2;208;208;208;38;2;48;48;480m 10  [0m	[48;2;215;215;215;38;2;41;41;410m 11  [0m	[48;2;244;244;244;38;2;12;12;120m 14  [0m	[48;2;225;225;225;38;2;31;31;310m 12  [0m	[48;2;255;255;255;38;2;1;1;10m 15  [0m	[48;2;65;32;0;38;2;191;224;2560m 16  [0m	[48;2;84;40;0;38;2;172;216;2560m 17  [0m	[48;2;155;81;0;38;2;101;175;2560m 19  [0m	[48;2;118;55;0;38;2;138;201;2560m 18  [0m	[48;2;196;104;6;38;2;60;152;2500m 20  [0m
[frame]
		[48;2;36;36;36;38;2;220;220;2200m 1   [0m	[48;2;52;52;52;38;2;204;204;2040m 2   [0m	[48;2;79;79;79;38;2;177;177;1770m 3   [0m	[48;2;104;104;104;38;2;152;152;1520m 4   [0m	[48;2;142;142;142;38;2;114;114;1140m 6   [0m	[48;2;117;117;117;38;2;139;139;1390m 5   [0m	[48;2;184;184;184;38;2;72;72;720m 8   [0m	[48;2;164;164;164;38;2;92;92;920m 7   [0m	[48;2;197;197;197;38;2;59;59;590m 9   [0m	[48;2;234;234;234;38;2;22;22;220m 13  [0m	[48;2;208;208;208;38;2;48;48;480m 10  [0m	[48;2;215;215;215;38;2;41;41;410m 11  [0m	[48;2;244;244;244;38;2;12;12;120m 14  [0m	[48;2;225;225;225;38;2;31;31;310m 12  [0m	[48;2;255;255;255;38;2;1;1;10m 15  [0m	[48;2;65;32;0;38;2;191;224;2560m 16  [0m	[48;2;84;40;0;38;2;172;216;2560m 17  [0m	[48;2;155;81;0;38;2;101;175;2560m 19  [0m	[48;2;118;55;0;38;2;138;201;2560m 18  [0m	[48;2;196;104;6;38;2;60;152;2500m 20  [0m
[frame]
		[48;2;36;36;36;38;2;220;220;2200m 1   [0m	[48;2;52;52;52;38;2;204;204;2040m 2   [0m	[48;2;79;79;79;38;2;177;177;1770m 3   [0m	[48;2;104;104;104;38;2;152;152;1520m 4   [0m	[48;2;117;117;117;38;2;139;139;1390m 5   [0m	[48;2;142;142;142;38;2;114;114;1140m 6   [0m	[48;2;184;184;184;38;2;72;72;720m 8   [0m	[48;2;164;164;164;38;2;92;92;920m 7   [0m	[48;2;197;197;197;38;2;59;59;590m 9   [0m	[48;2;234;234;234;38;2;22;22;220m 13  [0m	[48;2;208;208;208;38;2;48;48;480m 10  [0m	[48;2;215;215;215;38;2;41;41;410m 11  [0m	[48;2;244;244;244;38;2;12;12;120m 14  [0m	[48;2;225;225;225;38;2;31;31;310m 12  [0m	[48;2;255;255;255;38;2;1;1;10m 15  [0m	[48;2;65;32;0;38;2;191;224;2560m 16  [0m	[48;2;84;40;0;38;2;172;216;2560m 17  [0m	[48;2;155;81;0;38;2;101;175;2560m 19  [0m	[48;2;118;55;0;38;2;138;201;2560m 18  [0m	[48;2;196;104;6;38;2;60;152;2500m 20  [0m
[frame]
		[48;2;36;36;36;38;2;220;220;2200m 1   [0m	[48;2;52;52;52;38;2;204;204;2040m 2   [0m	[48;2;79;79;79;38;2;177;177;1770m 3   [0m	[48;2;104;104;104;38;2;152;152;1520m 4   [0m	[48;2;117;117;117;38;2;139;139;1390m 5   [0m	[48;2;142;142;142;38;2;114;114;1140m 6   [0m	[48;2;164;164;164;38;2;92;92;920m 7   [0m	[48;2;184;184;184;38;2;72;72;720m 8   [0m	[48;2;197;197;197;38;2;59;59;590m 9   [0m	[48;2;234;234;234;38;2;22;22;220m 13  [0m	[48;2;208;208;208;38;2;48;48;480m 10  [0m	[48;2;215;215;215;38;2;41;41;410m 11  [0m	[48;2;244;244;244;38;2;12;12;120m 14  [0m	[48;2;225;225;225;38;2;31;31;310m 12  [0m	[48;2;255;255;255;38;2;1;1;10m 15  [0m	[48;2;65;32;0;38;2;191;224;2560m 16  [0m	[48;2;84;40;0;38;2;172;216;2560m 17  [0m	[48;2;155;81;0;38;2;101;175;2560m 19  [0m	[48;2;118;55;0;38;2;138;201;2560m 18  [0m	[48;2;196;104;6;38;2;60;152;2500m 20  [0m
[frame]
		[48;2;36;36;36;38;2;220;220;2200m 1   [0m	[48;2;52;52;52;38;2;204;204;2040m 2   [0m	[48;2;79;79;79;38;2;177;177;1770m 3   [0m	[48;2;104;104;104;38;2;152;152;1520m 4   [0m	[48;2;117;117;117;38;2;139;139;1390m 5   [0m	[48;2;142;142;142;38;2;114;114;1140m 6   [0m	[48;2;164;164;164;38;2;92;92;920m 7   [0m	[48;2;184;184;184;38;2;72;72;720m 8   [0m	[48;2;197;197;197;38;2;59;59;590m 9   [0m	[48;2;234;234;234;38;2;22;22;220m 13  [0m	[48;2;208;208;208;38;2;48;48;480m 10  [0m	[48;2;215;215;215;38;2;41;41;410m 11  [0m	[48;2;225;225;225;38;2;31;31;310m 12  [0m	[48;2;244;244;244;38;2;12;12;120m 14  [0m	[48;2;255;255;255;38;2;1;1;10m 15  [0m	[48;2;65;32;0;38;2;191;224;2560m 16  [0m	[48;2;84;40;0;38;2;172;216;2560m 17  [0m	[48;2;155;81;0;38;2;101;175;2560m 19  [0m	[48;2;118;55;0;38;2;138;201;2560m 18  [0m	[48;2;196;104;6;38;2;60;152;2500m 20  [0m
[frame]
		[48;2;36;36;36;38;2;220;220;2200m 1   [0m	[48;2;52;52;52;38;2;204;204;2040m 2   [0m	[48;2;79;79;79;38;2;177;177;1770m 3   [0m	[48;2;104;104;104;38;2;152;152;1520m 4   [0m	[48;2;117;117;117;38;2;139;139;1390m 5   [0m	[48;2;142;142;142;38;2;114;114;1140m 6   [0m	[48;2;164;164;164;38;2;92;92;920m 7   [0m	[48;2;184;184;184;38;2;72;72;720m 8   [0m	[48;2;197;197;197;38;2;59;59;590m 9   [0m	[48;2;225;225;225;38;2;31;31;310m 12  [0m	[48;2;208;208;208;38;2;48;48;480m 10  [0m	[48;2;215;215;215;38;2;41;41;410m 11  [0m	[48;2;234;234;234;38;2;22;22;220m 13  [0m	[48;2;244;244;244;38;2;12;12;120m 14  [0m	[48;2;255;255;255;38;2;1;1;10m 15  [0m	[48;2;65;32;0;38;2;191;224;2560m 16  [0m	[48;2;84;40;0;38;2;172;216;2560m 17  [0m	[48;2;155;81;0;38;2;101;175;2560m 19  [0m	[48;2;118;55;0;38;2;138;201;2560m 18  [0m	[48;2;196;104;6;38;2;60;152;2500m 20  [0m
[frame]
		[48;2;36;36;36;38;2;220;220;2200m 1   [0m	[48;2;52;52;52;38;2;204;204;2040m 2   [0m	[48;2;79;79;79;38;2;177;177;1770m 3   [0m	[48;2;104;104;104;38;2;152;152;1520m 4   [0m	[48;2;117;117;117;38;2;139;139;1390m 5   [0m	[48;2;142;142;142;38;2;114;114;1140m 6   [0m	[48;2;164;164;164;38;2;92;92;920m 7   [0m	[48;2;184;184;184;38;2;72;72;720m 8   [0m	[48;2;197;197;197;38;2;59;59;590m 9   [0m	[48;2;215;215;215;38;2;41;41;410m 11  [0m	[48;2;208;208;208;38;2;48;48;480m 10  [0m	[48;2;225;225;225;38;2;31;31;310m 12  [0m	[48;2;234;234;234;38;2;22;22;220m 13  [0m	[48;2;244;244;244;38;2;12;12;120m 14  [0m	[48;2;255;255;255;38;2;1;1;10m 15  [0m	[48;2;65;32;0;38;2;191;224;2560m 16  [0m	[48;2;84;40;0;38;2;172;216;2560m 17  [0m	[48;2;155;81;0;38;2;101;175;2560m 19  [0m	[48;2;118;55;0;38;2;138;201;2560m 18  [0m	[48;2;196;104;6;38;2;60;152;2500m 20  [0m
[frame]
		[48;2;36;36;36;38;2;220;220;2200m 1   [0m	[48;2;52;52;52;38;2;204;204;2040m 2   [0m	[48;2;79;79;79;38;2;177;177;1770m 3   [0m	[48;2;104;104;104;38;2;152;152;1520m 4   [0m	[48;2;117;117;117;38;2;139;139;1390m 5   [0m	[48;2;142;142;142;38;2;114;114;1140m 6   [0m	[48;2;164;164;164;38;2;92;92;920m 7   [0m	[48;2;184;184;184;38;2;72;72;720m 8   [0m	[48;2;197;197;197;38;2;59;59;590m 9   [0m	[48;2;208;208;208;38;2;48;48;480m 10  [0m	[48;2;215;215;215;38;2;41;41;410m 11  [0m	[48;2;225;225;225;38;2;31;31;310m 12  [0m	[48;2;234;234;234;38;2;22;22;220m 13  [0m	[48;2;244;244;244;38;2;12;12;120m 14  [0m	[48;2;255;255;255;38;2;1;1;10m 15  [0m	[48;2;65;32;0;38;2;191;224;2560m 16  [0m	[48;2;84;40;0;38;2;172;216;2560m 17  [0m	[48;2;155;81;0;38;2;101;175;2560m 19  [0m	[48;2;118;55;0;38;2;138;201;2560m 18  [0m	[48;2;196;104;6;38;2;60;152;2500m 20  [0m
[frame]
		[48;2;36;36;36;38;2;220;220;2200m 1   [0m	[48;2;52;52;52;38;2;204;204;2040m 2   [0m	[48;2;79;79;79;38;2;177;177;1770m 3   [0m	[48;2;104;104;104;38;2;152;152;1520m 4   [0m	[48;2;117;117;117;38;2;139;139;1390m 5   [0m	[48;2;142;142;142;38;2;114;114;1140m 6   [0m	[48;2;164;164;164;38;2;92;92;920m 7   [0m	[48;2;184;184;184;38;2;72;72;720m 8   [0m	[48;2;197;197;197;38;2;59;59;590m 9   [0m	[48;2;208;208;208;38;2;48;48;480m 10  [0m	[48;2;215;215;215;38;2;41;41;410m 11  [0m	[48;2;225;225;225;38;2;31;31;310m 12  [0m	[48;2;234;234;234;38;2;22;22;220m 13  [0m	[48;2;244;244;244;38;2;12;12;120m 14  [0m	[48;2;255;255;255;38;2;1;1;10m 15  [0m	[48;2;65;32;0;38;2;191;224;2560m 16  [0m	[48;2;84;40;0;38;2;172;216;2560m 17  [0m	[48;2;118;55;0;38;2;138;201;2560m 18  [0m	[48;2;155;81;0;38;2;101;175;2560m 19  [0m	[48;2;196;104;6;38;2;60;152;2500m 20  [0m
[frame]
